Train report: 
               precision    recall  f1-score   support

           0       0.64      0.76      0.70       253
           1       0.72      0.58      0.64       260

    accuracy                           0.67       513
   macro avg       0.68      0.67      0.67       513
weighted avg       0.68      0.67      0.67       513

[[193  60]
 [108 152]] 
 Test report: 
               precision    recall  f1-score   support

        -1.0       0.00      0.00      0.00         0
         0.0       0.61      0.75      0.67       113
         1.0       0.64      0.46      0.54       108
         2.0       0.00      0.00      0.00         0

    accuracy                           0.61       221
   macro avg       0.31      0.30      0.30       221
weighted avg       0.62      0.61      0.61       221

[[ 0  0  0  0]
 [ 0 85 28  0]
 [ 1 55 50  2]
 [ 0  0  0  0]] 
 Val dropped report: 
               precision    recall  f1-score   support

           0       0.66      0.62      0.64        50
           1       0.54      0.58      0.56        38

    accuracy                           0.60        88
   macro avg       0.60      0.60      0.60        88
weighted avg       0.61      0.60      0.60        88

[[31 19]
 [16 22]] 
 Val filled report: 
               precision    recall  f1-score   support

        -5.0       0.00      0.00      0.00         0
         0.0       0.60      0.13      0.21       368
         1.0       0.55      0.14      0.22       322
         2.0       0.00      0.00      0.00         0
         3.0       0.00      0.00      0.00         0
         4.0       0.00      0.00      0.00         0
         5.0       0.00      0.00      0.00         0
         6.0       0.00      0.00      0.00         0
         7.0       0.00      0.00      0.00         0
         8.0       0.00      0.00      0.00         0
         9.0       0.00      0.00      0.00         0

    accuracy                           0.13       690
   macro avg       0.10      0.02      0.04       690
weighted avg       0.58      0.13      0.21       690

[[  0   0   0   0   0   0   0   0   0   0   0]
 [  1  47  36 123  84  40  20  10   6   1   0]
 [  0  31  44 133  50  29  14   8   9   3   1]
 [  0   0   0   0   0   0   0   0   0   0   0]
 [  0   0   0   0   0   0   0   0   0   0   0]
 [  0   0   0   0   0   0   0   0   0   0   0]
 [  0   0   0   0   0   0   0   0   0   0   0]
 [  0   0   0   0   0   0   0   0   0   0   0]
 [  0   0   0   0   0   0   0   0   0   0   0]
 [  0   0   0   0   0   0   0   0   0   0   0]
 [  0   0   0   0   0   0   0   0   0   0   0]] 
 CGAN report: 
               precision    recall  f1-score   support

       -16.0       0.00      0.00      0.00       0.0
       -15.0       0.00      0.00      0.00       0.0
       -14.0       0.00      0.00      0.00       0.0
       -13.0       0.00      0.00      0.00       0.0
       -12.0       0.00      0.00      0.00       0.0
       -11.0       0.00      0.00      0.00       0.0
       -10.0       0.00      0.00      0.00       0.0
        -9.0       0.00      0.00      0.00       0.0
        -8.0       0.00      0.00      0.00       0.0
         0.0       0.00      0.00      0.00   28786.0
         1.0       0.00      0.00      0.00   28786.0

    accuracy                           0.00   57572.0
   macro avg       0.00      0.00      0.00   57572.0
weighted avg       0.00      0.00      0.00   57572.0

[[    0     0     0     0     0     0     0     0     0     0     0]
 [    0     0     0     0     0     0     0     0     0     0     0]
 [    0     0     0     0     0     0     0     0     0     0     0]
 [    0     0     0     0     0     0     0     0     0     0     0]
 [    0     0     0     0     0     0     0     0     0     0     0]
 [    0     0     0     0     0     0     0     0     0     0     0]
 [    0     0     0     0     0     0     0     0     0     0     0]
 [    0     0     0     0     0     0     0     0     0     0     0]
 [    0     0     0     0     0     0     0     0     0     0     0]
 [    0    53  1365  9686  9683  4144  3272   582     1     0     0]
 [    7   224  4163 18321  5203   606   236    26     0     0     0]]